Iteracion 0 
Matriz: 
[0, 0.0, 0.0, 10.003, 1.0, 0.0, 5.003, -10.003]
[1, 1.0, 0.0, 3.003, 1.0, 0.0, 2.003, 1.997]
[5, 0.0, 0.0, 9.003, 1.0, 1.0, 5.003, 4.997]
[2, 0.0, 1.0, -4.003, -1.0, 0.0, -3.003, 2.003]
Solucion Inicial:
[1.997, 2.003, 0, 0, 4.997, 0]
U: -10.003

Iteracion1
Matriz: 
[0, 0.0, 0.0, 10.003, 1.0, 0.0, 5.003, -10.003]
[1, 1.0, 0.0, 3.003, 1.0, 0.0, 2.003, 1.997]
[5, 0.0, 0.0, 9.003, 1.0, 1.0, 5.003, 4.997]
[2, 0.0, 1.0, -4.003, -1.0, 0.0, -3.003, 2.003]
VB Entrante:5
VB Saliente:5
Numero pivot:1.0
Solucion:
[1.997, 2.003, 0, 0, 4.997, 0]
U: -10.003

